49
201
217
22
213
42
86
173
73
144
136
157
239
143
224
95
217
89
211
140
1
54
236
223
38
9
41
49
213
244
182
64
17
151
128
175
190
45
50
217
4
185
213
94
74
105
154
105
24
115
102
158
165
130
230
195
200
79
38
66
18
6
47
106
103
209
71
61
59
90
201
107
52
127
179
43
6
131
234
162
230
150
3
221
38
106
130
208
157
203
12
240
167
59
211
173
196
196
98
213
69
79
60
53
49
231
67
16
43
42
192
201
235
102
30
200
219
195
210
120
68
41
18
60
203
59
185
109
83
119
98
45
209
246
158
244
48
244
106
201
208
116
119
155
16
114
151
28
29
176
162
153
205
232
56
106
11
81
195
142
28
247
45
46
42
184
61
32
24
43
121
44
65
193
102
194
102
124
61
203
96
83
149
234
88
102
45
163
126
15
236
156
74
218
59
60
80
83
238
119
47
136
213
77
193
68
19
6
91
78
45
235
89
237
31
165
57
95
99
7
232
210
27
184
136
126
222
89
51
53
35
153
131
18
87
64
143
176
19
32
232
89
76
81
103
2
130
45
70
131
2
33
159
156
97
5
155
22
166
128
168
32
184
155
133
8
207
208
215
104
115
200
209
94
65
215
193
64
75
52
158
234
200
4
121
143
129
164
237
149
168
158
25
68
173
201
162
170
143
133
115
31
121
205
120
207
112
141
200
12
226
45
141
188
123
167
23
22
244
145
74
33
1
74
100
69
104
131
118
119
99
174
77
22
230
73
213
61
226
2
81
150
155
72
196
38
176
177
233
197
110
118
58
120
111
201
200
42
42
53
202
176
3
87
186
182
185
146
242
144
230
145
195
175
47
68
35
174
224
176
108
168
48
61
100
174
227
235
44
87
160
45
221
169
156
9
111
112
15
27
112
54
201
207
74
203
205
22
52
239
157
205
166
5
98
120
144
45
226
93
59
8
13
103
105
228
75
38
45
8
142
15
97
238
195
240
1
109
205
220
5
239
2
72
141
239
165
182
50
162
178
244
22
63
92
83
51
159
149
88
10
74
208
178
57
94
141
53
114
187
110
121
150
239
59
146
18
47
153
242
10
159
12
222
45
60
139
203
38
61
15
76
58
75
213
92
68
107
227
203
231
45
175
76
149
141
164
18
179
168
171
88
137
100
177
26
66
214
176
230
117
118
217
194
3
86
235
89
245
126
142
173
190
75
106
176
116
181
116
144
168
188
238
79
26
115
155
159
220
168
157
128
126
184
207
153
229
3
26
136
161
161
128
207
176
181
205
15
95
17
239
10
128
19
91
173
214
6
59
199
175
149
123
74
88
91
78
145
6
32
223
207
26
22
208
127
97
115
128
246
91
155
150
244
3
49
179
124
200
226
177
146
121
35
43
47
45
201
83
190
16
170
211
247
106
76
4
188
78
108
89
65
105
155
185
109
137
3
34
188
52
197
244
129
224
194
195
59
176
16
57
168
57
232
33
133
195
239
76
164
87
124
181
91
141
5
179
76
119
203
184
185
173
248
83
214
115
246
13
217
145
88
102
90
140
223
54
222
48
196
210
64
93
89
79
228
244
72
144
91
232
93
109
65
203
185
111
91
197
120
223
3
49
125
99
67
105
210
5
195
176
93
20
230
200
161
131
215
74
93
116
239
160
4
12
244
118
235
22
222
174
223
86
184
227
91
52
178
120
90
159
17
70
70
240
171
197
222
164
222
141
203
70
134
230
136
8
87
240
107
61
80
58
26
154
2
44
75
116
104
140
123
105
194
166
76
233
203
11
185
110
56
244
194
168
149
38
112
146
30
236
226
203
75
192
94
28
70
162
184
185
145
70
121
168
44
17
143
169
178
70
115
12
95
161
103
74
112
156
131
139
218
240
11
187
50
108
229
160
13
155
157
16
244
96
112
112
153
7
10
194
166
128
92
192
91
181
219
161
19
72
136
69
4
78
80
10
196
64
51
92
26
215
94
66
230
121
162
66
179
184
46
95
67
200
121
175
239
115
67
190
77
47
108
12
68
130
166
175
163
227
234
110
117
45
115
128
131
87
193
134
16
91
165
25
10
201
20
41
159
65
12
59
165
168
38
103
121
33
203
106
190
20
201
203
192
150
165
92
156
126
176
242
143
140
97
119
221
240
89
239
222
173
64
187
38
107
58
61
227
22
124
73
238
201
59
142
57
61
128
207
209
159
154
69
32
184
242
244
64
100
2
240
164
239
28
109
93
121
126
121
60
59
210
86
45
24
103
91
91
7
13
182
213
213
196
143
229
52
244
45
226
186
205
197
240
73
91
23
92
246
134
78
151
99
79
45
19
208
146
81
62
83
59
127
30
221
2
165
134
185
93
163
168
192
127
123
45
136
173
11
6
144
83
220
46
231
103
242
128
78
2
123
74
134
8
186
176
164
81
153
233
188
202
71
190
159
104
2
90
115
90
48
74
218
134
227
157
56
71
156
229
79
246
115
122
76
72
234
96
91
45
90
150
129
213
26
208
224
67
207
197
157
174
8
108
203
110
52
26
93
98
26
118
129
28
68
24
112
46
65
134
215
5
18
7
89
59
230
57
244
30
24
59
225
163
8
192
244
141
77
42
154
242
77
236
72
178
29
30
163
123
213
114
38
44
170
98
41
134
223
126
149
154
66
64
115
46
213
70
20
76
106
6
166
24
35
34
162
168
66
33
192
57
196
121
151
97
30
44
13
86
60
70
123
11
103
71
91
71
203
65
194
10
222
190
51
17
236
170
214
221
53
203
124
38
151
45
181
59
103
240
115
91
170
32
114
99
235
97
70
76
86
137
57
121
140
74
163
74
130
38
11
123
137
35
27
144
238
73
153
228
112
248
6
246
35
128
162
53
169
240
218
133
95
56
16
22
154
222
126
66
90
107
233
239
83
88
30
71
194
31
38
62
50
83
179
137
220
129
2
123
80
221
197
215
221
154
107
15
202
110
70
97
118
181
246
117
61
236
19
179
60
108
217
57
218
169
190
165
55
236
144
165
237
121
145
129
130
233
62
60
221
149
111
134
125
1
99
27
104
237
71
75
12
165
6
102
181
128
137
4
83
185
83
58
159
182
238
29
29
229
171
187
201
64
122
239
186
213
239
144
86
77
163
139
62
77
62
150
140
162
63
173
213
86
231
13
201
112
154
66
80
38
121
105
244
47
113
155
229
49
170
127
5
184
88
201
3
129
153
80
87
108
220
218
182
233
136
193
74
100
32
163
48
45
31
6
103
126
238
72
26
200
163
173
226
97
94
131
173
73
103
64
196
196
117
42
74
203
39
43
23
98
113
151
110
45
184
215
121
59
74
116
69
61
244
104
74
133
214
128
79
91
90
222
159
105
176
201
134
174
7
158
61
97
165
221
155
69
7
117
217
215
232
179
177
13
188
27
114
62
45
223
81
90
247
179
103
145
34
179
66
93
69
128
127
116
127
139
49
1
66
31
75
134
123
234
237
58
205
182
219
58
118
224
201
47
6
197
235
45
69
2
99
4
222
247
48
70
163
194
113
194
202
129
108
184
159
50
244
108
30
153
165
219
28
33
44
168
221
38
140
197
5
236
230
80
185
195
245
137
100
173
240
244
3
207
219
23
92
232
72
58
3
43
44
176
9
199
240
201
173
56
149
166
22
209
72
112
133
112
215
81
95
58
100
175
160
159
218
229
211
227
69
202
41
165
43
184
217
237
246
87
231
20
200
66
160
145
235
93
65
226
185
121
66
238
170
122
94
38
47
32
110
17
35
27
83
226
96
49
242
124
190
16
200
62
22
161
144
177
218
20
58
100
175
46
6
244
231
192
157
139
45
44
120
247
205
203
3
143
51
218
51
151
238
31
220
247
109
186
12
102
12
188
99
92
5
203
31
158
69
1
223
211
32
106
151
116
145
61
158
115
199
2
211
133
155
173
79
79
9
248
11
114
244
54
168
99
247
5
228
78
42
52
60
9
246
114
44
114
54
45
185
186
203
181
127
146
31
77
112
240
109
72
151
92
242
159
31
188
104
144
168
68
248
28
222
130
22
220
44
33
131
227
129
16
16
210
2
210
92
133
134
244
247
208
52
184
113
62
115
240
119
77
93
42
5
127
182
100
233
159
133
160
218
78
7
124
6
159
168
26
45
15
91
99
143
163
38
80
213
131
44
103
33
119
111
92
7
88
130
200
114
93
48
205
128
73
190
30
182
76
74
94
75
45
200
45
116
130
127
45
239
79
45
103
192
232
5
136
213
237
61
118
68
202
99
64
107
3
92
192
88
48
193
104
57
151
50
163
79
179
124
176
157
112
28
43
110
71
154
210
170
54
176
58
195
185
151
23
150
34
164
199
106
128
106
42
22
115
157
103
151
176
13
167
107
109
211
104
232
126
26
155
4
45
78
45
1
12
109
89
44
232
69
13
217
137
169
111
185
26
195
104
221
28
247
120
163
174
218
167
45
114
222
24
240
166
111
200
196
81
28
83
114
246
69
201
207
201
211
100
246
94
201
66
134
218
176
91
104
38
61
13
229
72
13
236
92
126
17
111
112
112
10
45
24
201
139
74
52
177
19
146
92
176
45
233
199
67
178
19
91
91
17
31
208
105
57
16
168
214
65
137
156
236
129
80
247
134
17
86
94
88
171
94
128
105
39
219
7
5
220
211
105
60
63
134
66
31
236
59
151
7
211
54
232
167
219
217
74
107
213
227
43
118
161
201
28
95
238
140
80
119
130
6
237
113
223
45
50
38
121
240
157
112
32
42
201
73
65
201
16
126
70
233
209
34
137
126
161
244
28
54
162
105
22
98
140
142
4
22
217
92
231
178
136
89
235
19
86
156
173
46
56
93
103
156
178
89
235
91
41
158
190
173
160
236
157
67
199
74
88
208
53
12
128
127
202
129
110
229
219
160
133
62
149
134
165
78
58
113
171
15
166
213
67
45
209
239
176
111
79
136
190
88
157
95
117
144
195
193
239
145
203
178
66
188
164
46
161
119
22
9
17
56
112
159
23
193
150
33
41
56
156
59
238
80
18
114
15
98
129
227
112
221
26
235
218
187
96
223
34
178
165
44
146
217
130
93
170
173
109
181
10
28
50
116
1
214
69
19
67
151
53
142
95
107
67
201
213
144
54
46
92
143
234
174
223
30
149
18
62
169
248
22
173
100
140
155
201
102
105
10
218
210
125
190
218
161
63
53
45
48
54
214
49
121
74
190
77
51
48
168
182
179
144
184
67
87
59
35
242
121
91
45
104
235
20
223
240
173
31
210
35
235
107
87
200
91
44
176
83
136
98
110
157
156
193
25
81
174
234
223
193
81
213
6
154
233
187
45
141
165
119
92
141
90
244
29
72
98
171
83
120
177
223
218
202
115
128
67
48
34
162
73
213
127
102
103
25
46
244
173
131
126
10
133
41
161
30
108
20
70
99
46
111
124
93
165
68
75
239
181
91
245
50
45
134
218
175
104
77
240
4
22
70
8
134
146
219
50
47
73
151
15
155
2
35
91
129
107
45
104
15
77
176
66
19
44
83
202
61
203
124
210
22
23
213
218
157
43
83
74
10
67
196
65
127
1
70
197
149
236
92
203
231
153
218
11
38
26
89
124
163
81
24
160
209
182
128
203
199
215
93
160
202
151
43
4
98
188
118
175
24
170
90
125
186
16
34
179
227
72
134
1
66
145
174
56
49
61
105
51
61
57
103
244
11
19
61
52
232
196
56
163
228
157
151
16
131
214
201
38
214
174
99
121
175
226
141
83
131
158
223
230
237
91
79
150
161
65
91
1
154
123
165
149
203
240
128
105
87
164
166
208
208
163
163
232
11
91
244
139
201
4
91
45
231
97
6
7
121
63
73
234
56
56
45
194
68
229
167
247
179
91
25
155
209
16
106
83
144
155
134
20
5
51
66
111
179
93
178
120
47
197
7
104
150
86
17
31
164
51
30
146
129
231
109
112
213
237
134
224
44
91
115
116
244
53
242
186
179
33
237
