68
72
164
177
120
115
115
224
134
143
3
70
47
77
106
215
86
178
30
129
83
124
128
91
105
244
32
144
185
124
81
163
128
149
230
105
33
210
151
163
70
7
165
244
119
236
2
137
144
80
231
202
240
2
214
214
88
153
45
23
188
154
124
98
50
2
107
224
97
221
213
126
149
129
43
112
32
213
150
31
202
45
32
92
182
215
155
153
128
231
218
210
143
67
52
66
109
157
69
159
156
213
166
47
22
31
159
159
98
69
89
17
5
68
173
234
223
210
137
46
181
48
113
92
126
66
115
8
28
219
202
94
16
154
105
223
116
17
244
247
127
114
96
194
19
89
165
38
232
97
88
154
30
162
10
177
168
145
203
168
58
179
74
121
91
194
193
97
4
236
129
105
218
133
46
78
15
38
174
106
16
179
114
136
45
43
239
197
229
208
170
89
7
184
219
130
72
80
179
18
16
41
23
193
110
24
66
165
222
131
201
112
217
194
194
129
130
93
240
151
68
15
145
130
45
130
201
157
16
122
208
38
244
110
117
128
119
64
88
233
107
157
44
28
87
235
128
151
165
185
235
90
68
10
52
51
166
163
143
100
200
244
235
102
2
218
7
139
205
144
72
78
99
76
77
71
105
188
231
157
115
94
199
124
2
30
100
182
193
111
30
120
88
237
179
143
19
47
177
211
118
115
111
213
32
201
208
205
201
165
179
97
246
149
165
140
100
75
31
248
45
185
9
11
129
95
89
184
83
141
239
59
154
136
26
89
94
102
57
28
108
48
56
207
165
100
128
194
173
46
194
207
19
129
238
125
44
201
110
188
79
22
142
3
86
224
162
54
66
4
165
2
66
196
223
203
28
103
24
223
165
129
194
234
205
59
246
244
143
185
154
74
66
223
20
5
2
200
237
142
194
44
73
175
74
66
175
177
115
59
161
208
93
105
110
67
239
68
214
133
42
43
34
123
195
214
111
201
61
165
19
173
237
103
164
144
126
98
247
127
35
11
72
41
26
188
32
213
98
140
192
201
113
105
69
53
173
60
137
68
131
77
44
213
63
53
38
248
4
9
96
213
127
223
69
201
66
66
197
52
102
185
65
168
115
70
227
197
201
201
43
242
49
125
121
104
26
133
16
24
120
162
179
74
3
117
178
244
96
143
71
242
115
201
247
157
43
179
45
86
110
124
2
62
6
93
47
126
174
156
20
203
219
102
237
19
102
34
151
90
5
110
117
202
218
44
5
218
168
77
80
168
80
149
169
86
176
168
168
94
6
133
1
227
129
239
39
45
196
17
76
56
76
213
201
143
62
75
236
232
67
222
107
154
69
231
47
4
98
88
201
34
222
168
3
223
107
52
80
162
179
141
12
10
27
246
201
196
15
163
222
128
190
19
76
26
240
97
131
115
114
201
158
3
173
94
1
6
121
130
141
213
155
215
134
181
231
38
159
129
93
238
38
86
131
141
229
6
239
194
163
45
151
146
215
43
153
59
33
228
126
203
231
176
123
11
106
61
66
112
61
112
150
10
159
64
236
161
201
103
12
66
207
121
127
48
16
238
12
91
242
170
210
117
76
22
2
235
139
15
43
63
196
104
47
205
5
244
158
162
22
151
209
45
221
72
75
179
190
124
223
186
9
128
69
195
153
213
223
244
199
150
176
42
234
123
190
193
141
221
149
31
151
111
179
91
145
99
223
58
69
71
196
69
38
130
122
45
209
64
35
104
155
174
140
29
149
46
76
244
141
94
201
194
17
218
195
214
44
18
28
92
45
83
62
194
81
233
201
3
130
131
73
105
53
246
93
50
125
91
89
51
124
110
4
24
203
100
26
69
161
173
214
20
2
179
236
154
201
126
69
178
230
185
237
178
224
136
162
58
145
205
159
20
233
81
161
60
4
165
74
214
196
3
106
86
74
193
160
42
133
90
226
79
89
107
144
87
247
93
62
173
1
71
151
93
115
16
79
8
165
134
3
160
62
77
201
9
201
144
96
186
134
232
165
232
114
201
68
196
150
176
30
142
190
97
77
156
77
92
162
128
93
53
127
213
146
107
165
193
136
87
207
195
194
123
159
62
133
75
11
66
13
99
176
25
88
196
17
79
46
44
219
100
31
74
13
26
153
176
126
45
13
165
205
30
108
182
47
1
203
20
89
151
210
24
19
200
196
131
47
50
134
12
66
186
103
109
22
32
61
102
211
60
182
146
119
30
9
130
30
150
223
190
185
30
203
178
108
81
44
16
239
217
18
99
213
129
231
214
59
155
162
227
47
65
98
175
83
112
35
48
194
44
3
115
223
130
215
69
233
38
181
203
193
65
235
193
48
93
159
232
42
10
131
160
124
185
89
98
163
76
201
178
58
38
100
195
201
143
12
66
197
109
100
15
4
223
178
100
202
118
22
30
155
30
200
2
231
12
18
124
42
195
66
33
15
116
89
92
129
61
176
187
244
190
51
66
184
22
44
66
238
244
91
247
149
22
47
113
154
174
164
230
174
58
6
220
185
90
89
141
232
46
235
33
31
217
45
229
4
72
127
20
67
165
128
130
182
74
190
165
38
8
34
23
235
42
161
19
187
219
42
49
57
187
19
129
31
52
80
239
227
72
233
192
2
10
208
10
239
200
24
47
165
190
10
69
211
99
38
210
127
240
91
93
195
240
2
66
158
124
168
121
91
217
41
5
175
210
81
42
232
104
213
176
201
19
129
190
70
160
91
102
169
46
94
128
115
149
90
60
67
166
66
237
116
69
68
1
175
194
176
155
197
223
146
61
201
176
94
42
115
238
44
8
24
173
61
104
173
203
56
19
223
120
160
116
156
139
224
51
184
19
116
244
217
110
96
163
86
112
31
90
153
203
233
201
213
4
223
94
26
213
42
90
38
38
247
106
158
178
213
97
126
197
95
149
175
91
139
111
89
223
98
186
214
26
10
89
9
54
67
69
83
104
47
35
80
131
244
18
110
48
168
201
81
17
34
78
155
134
88
185
48
46
45
194
173
149
13
218
67
227
165
86
182
27
192
131
233
160
65
67
142
19
192
168
125
117
141
123
121
59
235
81
223
167
59
134
159
1
118
129
115
179
210
177
16
13
153
146
203
93
89
107
176
20
188
181
208
54
65
190
26
115
72
221
59
237
83
200
43
38
11
45
52
12
81
3
182
7
203
153
94
96
114
89
124
119
149
67
137
30
72
160
6
116
154
182
104
211
123
115
200
247
223
214
62
215
38
89
123
106
151
230
229
27
223
127
201
113
178
201
73
59
201
78
91
12
33
187
12
164
59
173
4
207
42
6
103
217
219
163
128
203
226
239
111
60
87
118
169
215
91
59
193
107
235
133
27
63
89
58
6
201
131
88
76
80
137
119
213
93
136
126
54
179
91
65
1
201
93
66
168
179
220
146
59
58
43
134
170
119
65
134
227
201
111
56
95
213
83
142
151
209
145
44
215
47
184
240
239
59
15
218
70
91
223
236
20
186
142
103
185
99
161
127
149
88
128
13
67
131
218
93
193
224
11
111
53
33
232
52
119
201
192
192
22
213
78
185
94
239
114
45
201
41
142
242
65
6
5
237
57
26
58
133
221
144
129
208
126
69
102
231
1
113
73
144
203
16
146
10
131
208
181
199
56
93
91
57
244
229
57
159
182
231
202
45
240
88
193
182
140
10
197
156
239
111
43
7
145
218
242
222
244
156
200
185
196
201
120
49
89
170
92
115
239
93
199
91
92
190
200
31
231
174
10
7
19
164
242
22
24
223
32
133
51
166
208
65
195
120
103
142
77
215
133
100
70
223
2
200
34
92
177
98
156
79
230
137
64
8
77
25
137
201
10
247
108
235
123
175
67
99
142
208
35
229
194
179
128
218
26
128
209
22
184
60
154
184
170
45
168
141
103
69
141
242
92
178
105
179
227
69
202
182
24
222
78
22
104
134
16
23
238
74
194
109
235
156
209
236
232
88
214
44
162
149
75
223
93
97
87
150
142
108
205
105
33
41
236
130
143
95
93
240
201
31
173
244
188
70
168
145
18
223
194
123
110
201
112
75
68
205
45
222
12
145
62
142
196
196
134
217
89
91
159
52
213
203
154
112
207
143
10
77
230
72
238
149
242
32
92
169
232
87
13
227
184
109
79
104
157
230
53
73
10
184
99
203
214
50
245
115
26
30
114
74
57
227
70
103
83
34
215
203
112
87
219
89
120
55
171
142
233
229
170
99
222
38
184
159
127
194
223
107
144
193
73
179
161
221
154
169
175
123
167
81
238
140
176
175
184
236
65
169
90
213
208
185
184
33
163
54
17
173
6
104
151
38
47
1
194
57
99
186
190
116
235
79
105
60
203
205
26
150
11
57
244
136
5
34
109
128
92
146
2
226
222
144
81
89
150
232
47
113
136
127
115
99
7
32
179
22
213
13
239
81
136
15
230
98
69
194
244
86
98
118
167
193
200
196
90
56
136
110
99
231
161
113
112
15
223
145
104
131
3
12
122
77
33
64
166
170
42
105
173
174
86
213
239
171
18
207
74
240
32
22
201
129
16
219
48
12
155
86
223
227
22
93
222
209
201
72
121
219
89
230
66
105
246
65
98
236
190
242
242
203
22
109
163
104
108
41
116
3
53
222
182
185
247
54
231
6
112
70
73
223
128
98
184
185
74
61
22
165
197
196
169
46
66
103
159
65
20
167
51
50
128
170
25
7
162
91
54
74
186
240
45
58
226
4
155
119
54
73
145
70
44
35
59
30
229
106
86
165
89
120
188
18
79
32
48
239
179
173
89
31
128
111
100
184
28
203
217
15
88
194
69
5
201
115
165
60
190
227
102
94
169
115
89
57
56
106
35
52
119
91
22
20
218
57
246
121
98
184
97
193
56
159
188
61
45
99
185
18
164
137
157
129
210
64
231
218
31
164
97
178
210
230
57
69
136
162
176
11
114
157
67
201
220
62
130
96
244
109
109
61
217
140
176
109
222
111
173
150
236
121
106
160
107
141
91
3
208
103
23
176
193
239
93
221
126
67
73
6
133
100
16
149
146
188
128
91
167
144
246
178
102
107
46
56
89
56
104
163
157
8
51
129
93
209
7
109
54
149
48
174
159
2
78
217
38
110
187
60
106
12
93
244
108
223
221
223
64
38
103
213
23
238
151
8
144
90
110
3
158
164
75
211
45
194
230
139
26
244
41
68
149
215
104
213
223
23
195
59
134
16
236
45
142
80
222
38
67
77
117
31
99
210
11
168
83
155
10
60
238
153
224
68
64
61
155
121
113
44
146
134
219
11
113
201
140
197
95
43
197
151
11
92
213
156
217
113
98
232
158
161
49
246
115
117
78
2
12
56
217
30
234
112
96
50
47
69
156
122
27
15
80
240
181
104
244
162
7
185
70
64
16
22
157
195
202
163
179
196
213
209
156
99
244
247
201
61
126
69
221
116
176
75
213
195
103
202
120
196
154
117
1
174
140
95
44
52
93
238
144
118
32
194
128
38
5
115
9
127
17
33
182
62
113
112
159
144
153
5
88
222
175
146
115
99
80
6
119
168
48
17
51
108
121
231
174
237
221
2
237
13
12
165
104
160
129
114
194
45
103
13
158
227
4
107
26
74
110
129
213
129
87
120
188
145
112
158
223
246
95
91
120
99
158
228
153
122
126
76
50
67
120
240
16
237
179
121
62
119
79
113
227
23
74
69
71
49
118
95
199
96
170
6
45
140
213
69
102
46
203
115
234
93
7
170
77
119
91
128
231
232
78
23
99
226
134
136
185
45
159
45
181
166
72
158
69
115
49
71
185
45
176
146
96
50
222
161
159
54
94
53
205
233
61
247
106
205
116
12
205
90
207
239
1
47
1
151
73
87
91
233
58
142
150
203
24
8
108
166
5
223
108
209
52
102
208
203
112
92
112
222
117
112
91
115
203
93
192
195
176
53
194
151
50
38
115
89
74
244
44
195
112
246
195
13
160
128
94
236
121
171
202
50
121
167
201
226
173
116
219
38
229
99
169
94
38
58
179
123
109
229
179
184
233
38
118
69
38
155
106
44
170
121
182
29
